[directions=70]
CoordinateSystem = xyz
Normalization = none
# Converted by bidsbvec2siemensdvs v.10
# Source file = bidsbvec2siemensdvs_testData.bvec
Vector[0] = ( 0.000000, 0.000000, 0.000000 )
Vector[1] = ( 0.000000, 0.000000, 0.000000 )
Vector[2] = ( -0.472625, 0.565271, -0.676088 )
Vector[3] = ( 0.396038, -0.374808, 0.838256 )
Vector[4] = ( -0.960828, 0.081688, -0.264832 )
Vector[5] = ( 0.960035, -0.081552, 0.267735 )
Vector[6] = ( -0.518303, -0.575838, 0.632276 )
Vector[7] = ( 0.413225, 0.539969, -0.733265 )
Vector[8] = ( 0.440148, -0.667864, -0.600190 )
Vector[9] = ( -0.278642, 0.672588, 0.685554 )
Vector[10] = ( -0.071791, -0.252035, -0.965051 )
Vector[11] = ( -0.106138, 0.285839, 0.952382 )
Vector[12] = ( 0.198922, 0.870329, -0.450509 )
Vector[13] = ( -0.198659, -0.869071, 0.453044 )
Vector[14] = ( 0.752757, -0.218074, -0.621129 )
Vector[15] = ( 0.000000, 0.000000, 0.000000 )
Vector[16] = ( -0.836419, 0.259828, 0.482589 )
Vector[17] = ( 0.864846, -0.492139, 0.099196 )
Vector[18] = ( -0.894937, 0.443267, 0.051002 )
Vector[19] = ( -0.524397, 0.299363, 0.797113 )
Vector[20] = ( 0.364032, -0.307558, -0.879141 )
Vector[21] = ( 0.155851, 0.618447, 0.770217 )
Vector[22] = ( 0.022136, -0.653449, -0.756647 )
Vector[23] = ( 0.632843, 0.677739, -0.374405 )
Vector[24] = ( -0.585278, -0.790607, 0.179970 )
Vector[25] = ( 0.825538, 0.276239, -0.492116 )
Vector[26] = ( -0.757490, -0.156026, 0.633928 )
Vector[27] = ( 0.104480, 0.909293, 0.402827 )
Vector[28] = ( -0.254244, -0.862308, -0.437933 )
Vector[29] = ( 0.000000, 0.000000, 0.000000 )
Vector[30] = ( 0.374660, 0.926962, -0.019282 )
Vector[31] = ( -0.235456, -0.971834, -0.009924 )
Vector[32] = ( -0.644171, -0.718445, -0.262452 )
Vector[33] = ( 0.511967, 0.758594, 0.403021 )
Vector[34] = ( -0.985138, -0.032243, 0.168714 )
Vector[35] = ( 0.968200, -0.132909, -0.211951 )
Vector[36] = ( 0.724498, -0.424311, 0.543196 )
Vector[37] = ( -0.769146, 0.534401, -0.350472 )
Vector[38] = ( -0.115059, -0.562974, 0.818427 )
Vector[39] = ( -0.022009, 0.621357, -0.783219 )
Vector[40] = ( -0.061465, 0.996131, -0.062813 )
Vector[41] = ( 0.164600, -0.970911, 0.173893 )
Vector[42] = ( -0.738565, 0.172518, -0.651736 )
Vector[43] = ( 0.000000, 0.000000, 0.000000 )
Vector[44] = ( 0.722452, -0.011649, 0.691323 )
Vector[45] = ( -0.314911, 0.906745, 0.280436 )
Vector[46] = ( 0.162671, -0.931607, -0.325032 )
Vector[47] = ( 0.955230, 0.288051, -0.067544 )
Vector[48] = ( -0.910791, -0.397600, -0.111235 )
Vector[49] = ( 0.340963, 0.128820, 0.931209 )
Vector[50] = ( -0.493344, -0.152761, -0.856315 )
Vector[51] = ( -0.440150, -0.561548, -0.700665 )
Vector[52] = ( 0.556992, 0.438473, 0.705338 )
Vector[53] = ( -0.573572, 0.816218, -0.069310 )
Vector[54] = ( 0.528048, -0.842418, -0.107225 )
Vector[55] = ( -0.281403, 0.862258, -0.421098 )
Vector[56] = ( 0.234846, -0.747473, 0.621394 )
Vector[57] = ( 0.000000, 0.000000, 0.000000 )
Vector[58] = ( -0.411004, -0.154568, 0.898434 )
Vector[59] = ( 0.553597, 0.127734, -0.822931 )
Vector[60] = ( -0.651075, 0.648162, 0.394952 )
Vector[61] = ( 0.770519, -0.546244, -0.328511 )
Vector[62] = ( -0.794269, -0.307420, -0.524051 )
Vector[63] = ( 0.854798, 0.353087, 0.380330 )
Vector[64] = ( 0.018121, -0.173676, 0.984636 )
Vector[65] = ( 0.143742, 0.177078, -0.973644 )
Vector[66] = ( -0.832903, -0.458065, 0.310563 )
Vector[67] = ( 0.749566, 0.660927, 0.036408 )
Vector[68] = ( 0.553285, -0.766743, 0.325548 )
Vector[69] = ( -0.286216, 0.241517, -0.927227 )
